Richness	Shannon	Invsimpson	Pielou	Chao1	ACE	goods_coverage	days	groups
4469	11.26653308	673.5821097	0.92914218	9241.333333	10008.36686	0.7219	NRI_0d	NRI
3695	10.64316456	439.1203541	0.898054382	7726.18683	8612.03133	0.7705	NRI_0d	NRI
4378	11.18085686	669.1469714	0.924339027	9785.324061	10388.57589	0.7211	NRI_0d	NRI
3833	10.35561974	127.5920321	0.869908859	9279.96995	10158.08919	0.7445	NRI_2d	NRI
3081	8.847287424	22.3494452	0.763409073	7372.14959	8197.775877	0.7953	NRI_2d	NRI
3764	10.15977401	83.21170556	0.855340163	8961.587354	10055.20231	0.75	NRI_2d	NRI
3606	10.5237641	364.2721842	0.890622927	8062.363636	8791.394615	0.772	NRI_4d	NRI
3411	10.33790073	281.5220207	0.88087246	6645.915094	7398.110913	0.7971	NRI_4d	NRI
3592	10.32458134	272.372693	0.87418134	9071.144737	9981.825536	0.7585	NRI_4d	NRI
3227	10.18597484	188.2069524	0.873884196	5945.14845	6503.116077	0.8174	NRI_6d	NRI
2933	10.17783564	332.665784	0.883633709	5161.891697	5558.601845	0.8428	NRI_8d	NRI
3402	10.4100866	420.4931544	0.887311459	7868.617591	8639.035981	0.7838	NRI_8d	NRI
3806	10.7846682	601.7136806	0.906727252	8291.470958	9093.496978	0.7609	NRI_10d	NRI
3171	10.18656039	292.7280498	0.875832149	6593.544256	7064.526026	0.8093	NRI_10d	NRI
3739	10.65739951	487.1585019	0.89796152	8829.417391	9610.204558	0.758	NRI_10d	NRI
